0% : 724 (1) - [ 1, 2, 3, 4, 5, 6, 7, 8, 9, 10, 11, 12 ]
0% : 684 (7) - [ 1, 2, 3, 4, 5, 6, 7, 8, 10, 9, 11, 12 ]
0% : 670 (9) - [ 1, 2, 3, 4, 5, 6, 7, 8, 10, 11, 9, 12 ]
0% : 664 (29354) - [ 1, 2, 3, 4, 10, 11, 9, 8, 5, 6, 12, 7 ]
0% : 644 (41180) - [ 1, 2, 3, 5, 4, 7, 8, 6, 12, 9, 11, 10 ]
0% : 638 (41900) - [ 1, 2, 3, 5, 4, 8, 7, 6, 12, 9, 11, 10 ]
0% : 634 (42334) - [ 1, 2, 3, 5, 4, 8, 11, 10, 12, 7, 9, 6 ]
0% : 632 (45088) - [ 1, 2, 3, 5, 4, 12, 9, 10, 8, 7, 11, 6 ]
0% : 630 (190642) - [ 1, 2, 3, 8, 10, 11, 9, 7, 5, 6, 12, 4 ]
0% : 622 (204097) - [ 1, 2, 3, 9, 4, 8, 7, 12, 5, 6, 10, 11 ]
0% : 620 (229401) - [ 1, 2, 3, 9, 10, 7, 8, 11, 5, 6, 4, 12 ]
0% : 614 (244582) - [ 1, 2, 3, 10, 4, 8, 11, 5, 12, 7, 9, 6 ]
0% : 612 (246736) - [ 1, 2, 3, 10, 4, 12, 9, 5, 8, 7, 11, 6 ]
0% : 604 (264774) - [ 1, 2, 3, 10, 8, 7, 11, 6, 4, 12, 9, 5 ]
0% : 602 (3873382) - [ 1, 3, 2, 10, 4, 8, 11, 5, 12, 7, 9, 6 ]
0% : 600 (3875536) - [ 1, 3, 2, 10, 4, 12, 9, 5, 8, 7, 11, 6 ]
0% : 592 (3893574) - [ 1, 3, 2, 10, 8, 7, 11, 6, 4, 12, 9, 5 ]
7% : 588 (34925502) - [ 1, 11, 8, 4, 3, 9, 7, 12, 2, 10, 6, 5 ]
7% : 586 (37223957) - [ 1, 12, 4, 8, 3, 9, 11, 7, 2, 10, 5, 6 ]
14% : 582 (70522345) - [ 2, 10, 6, 5, 1, 8, 11, 4, 3, 7, 9, 12 ]
14% : 578 (70523667) - [ 2, 10, 6, 5, 1, 11, 8, 4, 3, 9, 7, 12 ]
Best: 578

