100

 0 83 77 86 90 11 29 21 62 82 32 52 97 46 37 28 22 52 45 22 79  0 47 81 89 70 36 10 11  1 20 82  0 32 59  8  5 69 74 20 66 90 52 52 25 16 49 92 42 81 37 57 59 46 49 29 41 91 73 23 11 21 15 90 22  8 13 58 67 28 46 91  2 46 73 27 85  2 27 42 62 14 67 57  9 43 20 59 23 57  8 62 80 33 39 60 23 43 51 12 
83  0 93 49 63 67 22 84 96 14 76  1 86 21 75 69 99 79 79 96 93 88 59 90 55 17 76 94 32 53 82 10 97  4 89 38 33 95 96 98 95 93 57  4 61 81 51 43 49 87 47 40 65 95 93  3 23 69 45 70 71 16 49 88 18 78 27 85 40 74 83 67 57 74 97 44 32 39 64 13 18 51 21 76 97 16 47 37 84 83 34 87 43 34  1 83 85 25 52  2 
77 93  0 62 40 82 69 98  5 34 39 86  6 79 74 17 46 68 87 30 21 49 35 96 20 69  7 46 79  7 87 88 12 79 69 93 34 71 67 18 28 39 87 59 42 58 60  7  1 28 95 86  4 17 54 45 44 70 93 96 91 38 79 53 45 28 91 60 74 30 34 20 19 48 25 95 48 60 80  8 23 87 55 52 51 21 84 70 35 77 27 69 53 21 89 62  6 90 52 14 
86 49 62  0 72 62 93 15 84 43 26 65 19 64 58 24 40 73 48 92  4  3 39 77 87 22 57 37 70 28 96 15 82 12 51 10 15 69 13 63 47 94 40 25 91  6 99 13 64 51 24 99 67 96 51 82 52 28  7 62 96 26 56 34  8 85  3 82 23 43 38 86  2 15 73 60 40 52 62 93 32 83 15 90 88 78 91  2 81 12 73 92 28 22 74 89 35 47 11 79 
90 63 40 72  0 67 11 13 36 87 94 44 28 41 29 70 11 81 59 72 61 63 15 90 38 73 99 53 72 97  4 37 93 69 83  5 87  1 19 95 26 13 26 17 20  1 29 13 72 18 99 89 32 92 87  3 16 23 46 24 87  5  1 59 78 54 25 20 45 56 53  7 15 57 22 27 13 19 41 52 93 58 57  0 72 32  6 84 75  0 38 33 79 65 56 37 87 26 80 31 
11 67 82 62 67  0 29 91 46 76 95 40 32 93 35 90  5 33 36 25 26 53  4 24 70 31 27 73 34 84 92  8 39 70 33 13 69 52 50  5 62 82  5 36 54 74 28 96 11 23 11 46  8 23 24 68 59 72 49 63 36  3 50 45 47 45 42 13 72  4  9 13 67 62 80 81 80 61 67 17 15 73 61 77  2 81 21 32 31 80 83 10 34 40 64 86 99 24 64 11 
29 22 69 93 11 29  0 56 13 88 34 31  3 34 18 72 61 60 42 22 44 86 49 14 56 82 36 25 83 34 97 83 21 44  4 38 87 40 32 42 29 75 78 60 42 65 99 56 42 14 43 84 76 60 59 47 27 75 48 35 62 32 76 83 64 21 38 31 39 27 83 87 30 24 38 87  3 48 68 98 68 92 78  6 32 34 31 80 17 83 74 94 50 64 55 56 16 56 70 34 
21 84 98 15 13 91 56  0 24  3 67 97 70 24 43 44 78 99  6 40  2 52 85  5  6 92 18 10 98 91 34 57 85 49 81 21 37 43 79 98  0 38 69 14 30 66 89 99 40 82 84 50 94  3 83 55 72 94 73 47 34 95 38  1 93 69 85 12 10 75 61 29 46 95 23 19 22 43 25  1 64 93 41 66 30 38 33  6 23 94 91  0 23 93 42 64 52 27  8 54 
62 96  5 84 36 46 13 24  0 54 97 81  8 87 28  5 20 99 13 98 84 75 43 12 49 57 63 17 63 98  6 27 54 65 66 29 89 91 53 72 97 51 27 37 34 69 76 69 59  7 32 43 51 63  6 36 40 59 39 18 89 58 26 19  7 26 42 46 10 19 69 80 52 80 21 27 74 72 22 34 60 16 39 56 63 84 46  7 65  5 26 17  6 97 44 77 96 75  2 38 
82 14 34 43 87 76 88  3 54  0 17  9 40 43 76 54 44 59 21 98 42 57 77  0  5 21 44 63 50 52 57 69 62 26 67 80  5 27 95 53 75 11 20 48  8 34 66 95 58 29 96 68 42 34 67 71 74 49 76 22  4 12  2 70 79  4 87 58 23 27 74 32 71 40 46 93 39 59 69 58 49 48 68 67 82 84 32 76 95 16 73 28 26 37 55 35 54 55 62 77 
32 76 39 26 94 95 34 67 97 17  0 67 96 27 43 69 22 13 19 24 28 36 38 26 17 74  5 90 73 89 95 51 41 83 92 95  4 78  7 97 44 68 21 20 80 36 84 89 28 94 18 92 44 34 36 58 38 73 77 25 97 23  3 37  1 95 66 67  0 94 99 77 90 43 33 44 19 79 23 92 62 31 80 56 46 82 83 46 69 31 89 33 10  8 36 88 20  2 80  6 
52  1 86 65 44 40 31 97 81  9 67  0 18 59 13 42  8 90 21  9 72 14 49 16 45 47 91 30 59  6 62 10 52 69  2 24 57 50 37 47 20 13 83 63 44  6 59 69 97 44 41 76 80 49 46 76 71 81 64 83 96 64 93  9 75 31 81 44 53 44 44 27 70 83 25 69 39 75 72 84 55 16 35 68 45 39  9 74 22 25 25 34 57 75 65  4 73 22 39 28 
97 86  6 19 28 32  3 70  8 40 96 18  0 32  6 97 82 26 39 19 58 60 67 78 73 31 55 71 47 16 83 39 62 52 31 54  3 24 76 16 18 99 67 32 45 97 76  8 94 78 63 53 93 18  9 17 79 35 22 47 29 32 75 66 69 40 69 91 60 76 48 63 27 31  3 71 37 62 55 33 17 23 58 94 73 44 21 51 32 91 96 41 25 80 33 55 99 16 33 28 
46 21 79 64 41 93 34 24 87 43 27 59 32  0  4 55 24 84 40 32 36 28 92 46 73 37 89 33 82  9 54 88 99 93 74 69 92 13 84 12 94 35 82  4 22 60 71  4 56 26 86 63 98  4 25 99 19 72  8 78 56 48 98 39 86 49 72 63 32 19 96 26 86 23 60 64 51 24 40 44  0 73 95 19  7 17 74 73 63 50 63 69 41 26 99 32 61 40 29 91 
37 75 74 58 29 35 18 43 28 76 43 13  6  4  0 48 62 90  5 94 53 50 43 47 89 54 93 89 32  0  9 93 54 89 18 69 22 99 83 77 34 64 11 58 25 70 38 95 25 60 94 19 28  4 57 70 61 20 51 87 58  7 27  3 12 23 99  9 12 22 60 35 76 60 12 92 81 46 25 35 96 50  1 94 85  7 72 93 48 38 99 32 38 79 46 27 39 11 50 52 
28 69 17 24 70 90 72 44  5 54 69 42 97 55 48  0  0 76 27 79  3 56 29 51  7 98  5  4 54  9 32 90 15 31 83 73 43 94 92 53  8 46 53 27 35 86 84 14 53 86 35 69  9 92 70 27 46 74 69 62 65 58 18 40 17 16 38 19 57 40 55 43 76 53 23 45 96 89 96  9 45 81 54 47 10 98 43  5 67 82 77 65 33 79 81 44  6 91 17 20 
22 99 46 40 11  5 61 78 20 44 22  8 82 24 62  0  0 36 84 73 33 94 82 31 57 81 22  5 98 81 21 99 51 64 87 33 61 15 96 32 62 72  8 68 92  8 90 64 71 84 58  9  2 44 85 96 17 45 40 51 86 37 74 87 57 14 40 98 94 96 96 31  6 82 39 51 12 66 72 86 20 13 54 95 36 67  3 14 52 72 23  1 65 69 65 90 49 16  2 69 
52 79 68 73 81 33 60 99 99 59 13 90 26 84 90 76 36  0 20 50 90 99 41 57 71 16 17 68 40 38 63 31 90 48 73 87 78 42 39 35 86 40 68 69 96 77 75 51 80 82 37 80 38  4 83 10 83 15 81 51 74 33 47 25 41 90 14 23 59 21 31 26 72 24 39 80 98 76 23 26 66 40 57 97 46 89 97 42 58 74 98 31 33 94 84 48 12  0 15 61 
45 79 87 48 59 36 42  6 13 21 19 21 39 40  5 27 84 20  0 60 67 39 26 12  0 31 93 85 59 26 82 77 91 77 62 94  0 37 35  7 32 23 98 41 30 36 81 10 19 39 15 32 49 56 64 98 28 47 92  2 61 23 23 52 72  7 90 98 16  5 97 89 27 46 74 21 44 31  7 66 98 50 67 78 24 14 88 82 40  7 15 34 63 66 67 74 23  8 41 20 
22 96 30 92 72 25 22 40 98 98 24  9 19 32 94 79 73 50 60  0 68 28 61 14 18 96 26 95 62 47 85 57 37 33 33 99 82 98 73 49  7 57 68 74 49 93 50 38 67 48 17  0 68 26 52 82 95 93 69 43  8 90 67 21 92 62 92 16 95 55 97 87 86 24 47 48 79 50 80 89 46 96 77 92 43 53 91 76 75 68 39 74 43 83 98 82 94 25 77 91 
79 93 21  4 61 26 44  2 84 42 28 72 58 36 53  3 33 90 67 68  0  0 60 12 25 38 86 49 41 87 85 52 59 49 96 39 99 39 64 61 34 93  9  5 12 46 28 93  3 44 98 20 46 27 68 53 50 80 46 50 66 11 18 32 80 79 33 58 21 71 23 35 47 64 90 84 58 93 61 86 33 54 62 23 66 34  6 24 19 58 28 47  5 63 15 84 99 20 95 77 
 0 88 49  3 63 53 86 52 75 57 36 14 60 28 50 56 94 99 39 28  0  0 23 12 74 18 43 67 23 32 90 41 71 55 41 42 89 13 51 34 96 81  3  1 89 67 64 26 29 55 80 13 20 54 32 47 66  4 96 98 66 85 26 44 18 77 72 61 66 41 18 41 32 23 85  1 25 95 41 23 21 19 95 63 34 20 15  0 22 50 73 34 89 52 80 33 33 93 21 18 
47 59 35 39 15  4 49 85 43 77 38 49 67 92 43 29 82 41 26 61 60 23  0 10 57 70 14 63 72 81 14 68 87 68 26 86 53 28 51 25 84 14 54 89 48 96 58 45 86 85  6 29 58 96 30 54 56 96 23 50 49 72 46 69 55 60 79 28 86 13 75  4 37 28 99 86 10 90 46 26 78 34  1 92 13 86 41 60 48 16 26 82  2 49 76 80 30 16 20  8 
81 90 96 77 90 24 14  5 12  0 26 16 78 46 47 51 31 57 12 14 12 12 10  0 93 12 79 96 54 50 16 84 90 60 80 49 48  4 39 28 24 71 57 90 28 40 44 94 94 83 35 28 14 45 66 14 29 91 75 29 35 31  5 44  4 97 95 18 46 87 84 42 47 36 50  3 85  9 84 83 10  2 16 19 71 27 93 11 26 27 93 76 67 81 39 52 63 70 76 41 
89 55 20 87 38 70 56  6 49  5 17 45 73 73 89  7 57 71  0 18 25 74 57 93  0 77 62 65 21 90 92 76 70 23 85 86 36 46 65 63 65 96 23 32 57 95 69  6 58 46 23 50 39 26  4 86 18 89 61 98 97  5 72 90 40 24  4 70 44  4 41 17 15 86 30 41 78 79 16 67 91 59 81 10 64 51 35 30 44 81 61 27 15 86  6 61 93  1 43 97 
70 17 69 22 73 31 82 92 57 21 74 47 31 37 54 98 81 16 31 96 38 18 70 12 77  0 88 36 65 50 28 66 65 71  5 11  7 38  2 15 16 83 96 99 76 50 77 56  8 55 52 44 54  2 71 60 29 17  5 12 34 75 79 21  0  0 18 80 84 21 69  2 87 42 68 53 82 62 89 58 97 94 65 89 88 25 15 56 27 52  6 18  2 90 95 91 32 68 90 24 
36 76  7 57 99 27 36 18 63 44  5 91 55 89 93  5 22 17 93 26 86 43 14 79 62 88  0 70 71 13 25 54 69 77 29 33 17 95 79 81 43 67 42  0 97  2 57 95 98 42  9 18 15 32 94 28 87 67 95  8 86 58 37  9 47 89 68 73 56  1  0 53 38 96 36 49 10 18 65 36 27 18 92 28  7 48 86 88 93 31  3 30 84 79 53 12 14 89 46 71 
10 94 46 37 53 73 25 10 17 63 90 30 71 33 89  4  5 68 85 95 49 67 63 96 65 36 70  0 69 94 36  8 61 45 98 22 21 21 47 85 87  0 12 57 39 30 42 84 13 50 25  4 57 57 75 83  7 16 69 78 90 19 64 75 88 78 99 45 91 55 26 50 98 64 56  0 81 25 41  8  0 63 57 98  5 26 82 54 11 12 94  0 91 47 21  2 97  6 52  6 
11 32 79 70 72 34 83 98 63 50 73 59 47 82 32 54 98 40 59 62 41 23 72 54 21 65 71 69  0 81 18 78 51 61 62 73 80 26 84  0  2 74 55 48  5 25 72 60 30 89 56 47 35 46 38 22 15 87 76 49 82 54 36 76 37  4 19 96 85 91 66 63 15 76 11 88 40 51 26 45 42 53 72 15 44 76  9 14 11 74 47 92 75 78 49  1  9 70 81 30 
 1 53  7 28 97 84 34 91 98 52 89  6 16  9  0  9 81 38 26 47 87 32 81 50 90 50 13 94 81  0 37 55  0 23 19 19 94 58 61  8 60 33 54 17 82 90 95 82 47 50 71 39 46 60  7 37 37 72 29 63 85 60 66 31 73 91 89 53 81 96 35 86 12 47 64 45 56 12 51 42 73 97  4 97 72 63 84 38 38 81 39 52 72 20 27 54 67 54 80 23 
20 82 87 96  4 92 97 34  6 57 95 62 83 54  9 32 21 63 82 85 85 90 14 16 92 28 25 36 18 37  0 74 38  0 41 54 23 56 31 49 79 57 34 69 23 61 65 73 58 56 80 93 83 27 73  7 90 41 55 64 14  1 21 54 83 79 15 70 87 89 87 57 81 79 58 93 78 81 79 29 34  7  3  5  0 64 86 80 13 72 66 31 28 82 30 11 73  8  1 18 
82 10 88 15 37  8 83 57 27 69 51 10 39 88 93 90 99 31 77 57 52 41 68 84 76 66 54  8 78 55 74  0 64 75 10 24 33 45 28 79 41 49 81 69 36 34 49 95 78 42 85 48  3 53 57 96 82 23 57 51 14 41  9 25 87 11 83 24 80 16 37 76 22 94  8 53 91 98 56 58  0 20 45 64 76 38 26 16 34  8  6 22 35 22 80 20 10 40 38 98 
 0 97 12 82 93 39 21 85 54 62 41 52 62 99 54 15 51 90 91 37 59 71 87 90 70 65 69 61 51  0 38 64  0 42 26 59 17 46 94 16 24 23 73 28 17 95 67  5  7 14 89 70 33 40 93 47  5 42 66  9 40 97 52  4 77 54 44 33 91  3 32 40 26 31  8 83 86 86  7 77 85 62 87 72 95 79 22 85 12 34 80 21 86 65 43 81 70 65 71 70 
32  4 79 12 69 70 44 49 65 26 83 69 52 93 89 31 64 48 77 33 49 55 68 60 23 71 77 45 61 23  0 75 42  0 89 18 31 11 43 85 35 92 38 18 53 35 58 66 53 58 44 50 48 84 50 49 22  5 81 14 30 13  1 35 96 88 38 27 53 16 65 92 17 44 65 95  3 74 57 65 50 72 71  5 27 71 77 82 10 47 91 55 17 94 54 53 83 30 10 26 
59 89 69 51 83 33  4 81 66 67 92  2 31 74 18 83 87 73 62 33 96 41 26 80 85  5 29 98 62 19 41 10 26 89  0 12  9  3 23 65 62 29 13 85 24 51  2 63  7  9 88 59  0 10 78 50 57 82 79 20 64 86 60 15 30 29 19  5 26  5 41 18 21 62 64 77 31  7 69  7 18 36 27 50 60 96 15  3 84 72 79 81 29 37 78  9 21 39 32 52 
 8 38 93 10  5 13 38 21 29 80 95 24 54 69 69 73 33 87 94 99 39 42 86 49 86 11 33 22 73 19 54 24 59 18 12  0 56 25 87 30 70 35 99 80 50 20 63 90 75 64 70 29 16 48 60  2 81 63 49 90 54  1 56 72  3 79  2 49 68 22 31 78  0 32 83  5 44 20 68 13 79 25 83 85 20 44 57 38 71 52 53 26 95 66 85 18  7 12 87 94 
 5 33 34 15 87 69 87 37 89  5  4 57  3 92 22 43 61 78  0 82 99 89 53 48 36  7 17 21 80 94 23 33 17 31  9 56  0 16 43 92 63 40 84 54 10  0 38 90  2 81 41 48 49 13 31 38 23 67 24 68 86  2 90 75 80 63 69 78 73 86 22 84  9  8 91 25 47 92 36 13 10 42 43 18 73 14 32 71 44 15 57 67 42  5 20 60 75 57 28 73 
69 95 71 69  1 52 40 43 91 27 78 50 24 13 99 94 15 42 37 98 39 13 28  4 46 38 95 21 26 58 56 45 46 11  3 25 16  0 88 29 11 43 61  7 42 61 14 61  8 16 79 88 21 77 26 55 36 21 72  7 62 45 25 14 59 60 28 57 11 28 70 80 98 68 87 84 54 94 60 82  5 40 82  6 25 50 62 89 93 77 61 74 94 32 16 85 39 92 93 44 
74 96 67 13 19 50 32 79 53 95  7 37 76 84 83 92 96 39 35 73 64 51 51 39 65  2 79 47 84 61 31 28 94 43 23 87 43 88  0 52 15 39 80  0 64 74 33 93 26 60 18  6  3 63 11  5 89 65 16 39 72 23 46 63 85 54 83 36 64 83 81 42 14 27 28 31 70  5 27 66 85 62 67 77 22 75 73 97 43 98 95 99 52 68 92 49 77 78 42 89 
20 98 18 63 95  5 42 98 72 53 97 47 16 12 77 53 32 35  7 49 61 34 25 28 63 15 81 85  0  8 49 79 16 85 65 30 92 29 52  0 34 25 23 21 41 14 30  1 86 63 38 54 21 24 98 35 27 24 61 40 25 56 12 86  3 14 22 85  8 83 94 76 88 49 16 28 93 49 54 51 79 79 38 63 66 76 17  4  9 57 87  0 57  5 21 54 37 70 23 32 
66 95 28 47 26 62 29  0 97 75 44 20 18 94 34  8 62 86 32  7 34 96 84 24 65 16 43 87  2 60 79 41 24 35 62 70 63 11 15 34  0 53  0 88 11 28 69 44  6 63 50 69 43 54 77 11 73 58 51 93 89 25 43 24  0 64 57  3 31 29 17 49 16 32 34 36 19 23 50 12 79 97 34 16 55 93 85 91 45 47 74  7 58 84 54 28 24 40 12 56 
90 93 39 94 13 82 75 38 51 11 68 13 99 35 64 46 72 40 23 57 93 81 14 71 96 83 67  0 74 33 57 49 23 92 29 35 40 43 39 25 53  0  0 90 10 52 59 51 23 99 84  3 77 54 60 88 15 20 16 17 20  8 49 81 70 50 62 47 57 39 15 57 38 46 26 10 98 98 82 49 82 67 61 57  0 12 79  4 53 95 11 42 44  1 92 12 36 34 61 93 
52 57 87 40 26  5 78 69 27 20 21 83 67 82 11 53  8 68 98 68  9  3 54 57 23 96 42 12 55 54 34 81 73 38 13 99 84 61 80 23  0  0  0 34 90 25 95 88 51 70 88 70 62 78 90 83  8 91 40 51 42 22 16 89 82 98 45 41 33 22 81 60 36 73 81  7  1  2 57  4 28 88  8 61 92 18 61 91 90 91 76 74 22 12 81 41 78 32 48 12 
52  4 59 25 17 36 60 14 37 48 20 63 32  4 58 27 68 69 41 74  5  1 89 90 32 99  0 57 48 17 69 69 28 18 85 80 54  7  0 21 88 90 34  0 55 33 13 47  1 77 35 11 70 42 79 36 30 79 68  8 92 30 97 61 64 87 66 94 55 12 17 71 75 60 15 10 77 73 88 69  3 61 81 20 47 86 82 74 16  4 80 62  3 24 45  7  4 86 39 80 
25 61 42 91 20 54 42 30 34  8 80 44 45 22 25 35 92 96 30 49 12 89 48 28 57 76 97 39  5 82 23 36 17 53 24 50 10 42 64 41 11 10 90 55  0 77 18 75 10 29 24 26 93 77 87 58  4 28 66 55  9 46 81 74 85 59 37 54 25 21 68 88 24 50  2 27 16 28 56 62 86 18 74 24 69 86 71 89 91 22 66 64 71 74 38 53 97 38 47  1 
16 81 58  6  1 74 65 66 69 34 36  6 97 60 70 86  8 77 36 93 46 67 96 40 95 50  2 30 25 90 61 34 95 35 51 20  0 61 74 14 28 52 25 33 77  0 29 56 92 12 98 40 61 27 79  2 56 90 96 41 69 90 71 49 73 33 34 94 67 82 26 73 46 38 16 29 66  3 40 30 12 45  6 90 70 83  4 16 65 30 73 43 15  0 25 75 35 35 13 76 
49 51 60 99 29 28 99 89 76 66 84 59 76 71 38 84 90 75 81 50 28 64 58 44 69 77 57 42 72 95 65 49 67 58  2 63 38 14 33 30 69 59 95 13 18 29  0 29  0 17 13 64 24 54 63 91 55 97 48  1 80 13 99 15 79 37 83 76 78 46 47 38 28 11 67  2 90 91 38 19 98 40 96 14  7 14 45 55 63 54 87 84 33 47 81 15 97 38 20 50 
92 43  7 13 13 96 56 99 69 95 89 69  8  4 95 14 64 51 10 38 93 26 45 94  6 56 95 84 60 82 73 95  5 66 63 90 90 61 93  1 44 51 88 47 75 56 29  0 50 79 47 26 66 75 24 20  6 59 69 39 27 37  1 22 61 84 60 45 46  0 91 86 97 43 62 69 85 57 40 10 76 97 39 87  9 33 98 15 74 43 74 80 46 12 19 65 97 22  4 10 
42 49  1 64 72 11 42 40 59 58 28 97 94 56 25 53 71 80 19 67  3 29 86 94 58  8 98 13 30 47 58 78  7 53  7 75  2  8 26 86  6 23 51  1 10 92  0 50  0 79 62 16 59 90 28  8  8 52 96 46 24  7 90 30 89 99 67 18 91 40 84 55 67  4 76 19 50 81 28 77 80 29 58 17 20 49  5 44 45 77 87 23 19 43 73 19 71 67 57 86 
81 87 28 51 18 23 14 82  7 29 94 44 78 26 60 86 84 82 39 48 44 55 85 83 46 55 42 50 89 50 56 42 14 58  9 64 81 16 60 63 63 99 70 77 29 12 17 79 79  0 10 41 93 94 66 88 97 32 77 26 74 83 31 81 10 58 66 92 28 62 61 13 11 24 63 94 59 47 65 44 71 20 90 92 25 43 78 13 80 33 67 65 72 48 38 52 64 82  5 64 
37 47 95 24 99 11 43 84 32 96 18 41 63 86 94 35 58 37 15 17 98 80  6 35 23 52  9 25 56 71 80 85 89 44 88 70 41 79 18 38 50 84 88 35 24 98 13 47 62 10  0 78 86 23 29 57 97 66  5 16 99  7 75 66 46 28 33 21  4 43 71 62 22 60 40  7 76 60 38 29 75 90 15 41 64 85 48 61 22  5 52 18 79 41 31 11 62 60  1 54 
57 40 86 99 89 46 84 50 43 68 92 76 53 63 19 69  9 80 32  0 20 13 29 28 50 44 18  4 47 39 93 48 70 50 59 29 48 88  6 54 69  3 70 11 26 40 64 26 16 41 78  0 57 90 58 61 72  0 53 89 70 43 33 92 82 89 91 39 68 75 42 79  9 97 47 61 26 93 81 35  1  8 26 96 59 27 45 31 85 33 74 85 87 37 49 73 69 70 68 19 
59 65  4 67 32  8 76 94 51 42 44 80 93 98 28  9  2 38 49 68 46 20 58 14 39 54 15 57 35 46 83  3 33 48  0 16 49 21  3 21 43 77 62 70 93 61 24 66 59 93 86 57  0 96 71 40 29 14 72 10 52 26 70 70 88 46 94  3 84  3 94 63 47 64 67 11 73 34 94 99 50 46  3 25 55 51 59 42 97 91 51 56 55 37 41 23 64 52 52 75 
46 95 17 96 92 23 60  3 63 34 34 49 18  4  4 92 44  4 56 26 27 54 96 45 26  2 32 57 46 60 27 53 40 84 10 48 13 77 63 24 54 54 78 42 77 27 54 75 90 94 23 90 96  0 73 40  3  1 29 55 25 35  5 38 66 18  4  9 89 80 95 90 82  9 74 95 32 86 60 33 77 60  4 73 75  4 59 68 62  8 92 86 19  5 51 16 95 96 81 65 
49 93 54 51 87 24 59 83  6 67 36 46  9 25 57 70 85 83 64 52 68 32 30 66  4 71 94 75 38  7 73 57 93 50 78 60 31 26 11 98 77 60 90 79 87 79 63 24 28 66 29 58 71 73  0 41 31 38 72 90 82 18 46 16 57 59 46 23 89 18 72 82  4 69 24 84 24 43 90 87 26 95 10 32 33 11 66 72 54 66 95 14 46 84 25 99 15 29 36 54 
29  3 45 82  3 68 47 55 36 71 58 76 17 99 70 27 96 10 98 82 53 47 54 14 86 60 28 83 22 37  7 96 47 49 50  2 38 55  5 35 11 88 83 36 58  2 91 20  8 88 57 61 40 40 41  0 77 37 18 42 98 77 91 39  3 79 17 49 60 26  2 16 94 60 58 19 44 27 64 54 15 33 70 94 67 58 45 18 32 25  6 37 75 64 32 87 65 61 85 54 
41 23 44 52 16 59 27 72 40 74 38 71 79 19 61 46 17 83 28 95 50 66 56 29 18 29 87  7 15 37 90 82  5 22 57 81 23 36 89 27 73 15  8 30  4 56 55  6  8 97 97 72 29  3 31 77  0 18 61  3 63 23 60 83 24 99 71 11 94 72  5 97  1 53 30  8 53  0 10 46 33 17 97 40 99 86  9 33 11 30 24 56 88 57 42 15  5 56 71 57 
91 69 70 28 23 72 75 94 59 49 73 81 35 72 20 74 45 15 47 93 80  4 96 91 89 17 67 16 87 72 41 23 42  5 82 63 67 21 65 24 58 20 91 79 28 90 97 59 52 32 66  0 14  1 38 37 18  0 26 88 47 30 73 77  5 29 33 59 12 81 59 86 78 34 34 58 25 60 61 51 16 12 27 94 55 50 74 47 38 96 98 12 98 84 38 20 82 99 59 90 
73 45 93  7 46 49 48 73 39 76 77 64 22  8 51 69 40 81 92 69 46 96 23 75 61  5 95 69 76 29 55 57 66 81 79 49 24 72 16 61 51 16 40 68 66 96 48 69 96 77  5 53 72 29 72 18 61 26  0 11 32 17 58 32 84  9 93 90 19 60 10 84 72 22 18 91 25 52 21 13 32 82 53 59 25 61 38 36 54 32 75 21 59 17 42 17 87 87 60 51 
23 70 96 62 24 63 35 47 18 22 25 83 47 78 87 62 51 51  2 43 50 98 50 29 98 12  8 78 49 63 64 51  9 14 20 90 68  7 39 40 93 17 51  8 55 41  1 39 46 26 16 89 10 55 90 42  3 88 11  0 34 74 33 42 31  3 84 42 46 63 85 85 92 29 57 64 99 59  8 51 36 47 38 31 33  3 93 33  8 91 27 49 60 12  6 56 70 94 48 64 
11 71 91 96 87 36 62 34 89  4 97 96 29 56 58 65 86 74 61  8 66 66 49 35 97 34 86 90 82 85 14 14 40 30 64 54 86 62 72 25 89 20 42 92  9 69 80 27 24 74 99 70 52 25 82 98 63 47 32 34  0 55 85 82 59 46 55  5  8 55 85 18 41  5 80 27 39 71 93 37 99 36 45 83 26 90 74 34 12 90  1 40 30 56  8 45 58 78 21 25 
21 16 38 26  5  3 32 95 58 12 23 64 32 48  7 58 37 33 23 90 11 85 72 31  5 75 58 19 54 60  1 41 97 13 86  1  2 45 23 56 25  8 22 30 46 90 13 37  7 83  7 43 26 35 18 77 23 30 17 74 55  0 97 86 89 58 34 72 60 43 86 70 54 54 84 91 36 90 65 18 92 77  9 70 68  1 70 95  1 52 27 85 31 52  4 87 59 75  8 23 
15 49 79 56  1 50 76 38 26  2  3 93 75 98 27 18 74 47 23 67 18 26 46  5 72 79 37 64 36 66 21  9 52  1 60 56 90 25 46 12 43 49 16 97 81 71 99  1 90 31 75 33 70  5 46 91 60 73 58 33 85 97  0 18 65 33 88  7 17 96 80 12 59  4  2 79 74 21 96 75 62 61 99 28  2  8 79 86 25 64 84 11 27 87 41 31 54 57 17 19 
90 88 53 34 59 45 83  1 19 70 37  9 66 39  3 40 87 25 52 21 32 44 69 44 90 21  9 75 76 31 54 25  4 35 15 72 75 14 63 86 24 81 89 61 74 49 15 22 30 81 66 92 70 38 16 39 83 77 32 42 82 86 18  0 51 27 71 94 60 54 17 88 27 62 80 67 58 44 29  5 84 31 29 87 39 54 91 87  2 36 60 82 35 21 18 58 75 25 86  1 
22 18 45  8 78 47 64 93  7 79  1 75 69 86 12 17 57 41 72 92 80 18 55  4 40  0 47 88 37 73 83 87 77 96 30  3 80 59 85  3  0 70 82 64 85 73 79 61 89 10 46 82 88 66 57  3 24  5 84 31 59 89 65 51  0 20 97 43 10 63 85 39 70 40 74 76 62 82  6  3 98 44 63  1 19 94 49 13 64 86 23 53 96 27 49 76 93  1 78 21 
 8 78 28 85 54 45 21 69 26  4 95 31 40 49 23 16 14 90  7 62 79 77 60 97 24  0 89 78  4 91 79 11 54 88 29 79 63 60 54 14 64 50 98 87 59 33 37 84 99 58 28 89 46 18 59 79 99 29  9  3 46 58 33 27 20  0 94 53 29 35 42 93 67 79 23 98  9 94 27 41 44  8 94 68  7  7  8 34  0 44 39 91 99 15 70 31 22 83 15 96 
13 27 91  3 25 42 38 85 42 87 66 81 69 72 99 38 40 14 90 92 33 72 79 95  4 18 68 99 19 89 15 83 44 38 19  2 69 28 83 22 57 62 45 66 37 34 83 60 67 66 33 91 94  4 46 17 71 33 93 84 55 34 88 71 97 94  0 79 38 56 75 44  2 95 93 65 73 10 31 12 57  1 96 57 14 84  8 55 86  6 51 42 27 88 80 33 15  5 35 27 
58 85 60 82 20 13 31 12 46 58 67 44 91 63  9 19 98 23 98 16 58 61 28 18 70 80 73 45 96 53 70 24 33 27  5 49 78 57 36 85  3 47 41 94 54 94 76 45 18 92 21 39  3  9 23 49 11 59 90 42  5 72  7 94 43 53 79  0 92 87 54 51 28 69 97 68 13 46 70 27 62 18 89 53 72 83 30 58  4 68 85  8 97 19 35 10 96 32 12  7 
67 40 74 23 45 72 39 10 10 23  0 53 60 32 12 57 94 59 16 95 21 66 86 46 44 84 56 91 85 81 87 80 91 53 26 68 73 11 64  8 31 57 33 55 25 67 78 46 91 28  4 68 84 89 89 60 94 12 19 46  8 60 17 60 10 29 38 92  0 65  2 84 35 42 57  4 67 80 53 98  4 70 33 19  2 16 64 38 68 39  5 39 20 22 88 19 51 72 50 84 
28 74 30 43 56  4 27 75 19 27 94 44 76 19 22 40 96 21  5 55 71 41 13 87  4 21  1 55 91 96 89 16  3 16  5 22 86 28 83 83 29 39 22 12 21 82 46  0 40 62 43 75  3 80 18 26 72 81 60 63 55 43 96 54 63 35 56 87 65  0 49 64 15  7  8 23 94 35 98 80 46 60 74 90 51 18 52 40 80 43 52 57 90 35  7 33 74 91 38 70 
46 83 34 38 53  9 83 61 69 74 99 44 48 96 60 55 96 31 97 97 23 18 75 84 41 69  0 26 66 35 87 37 32 65 41 31 22 70 81 94 17 15 81 17 68 26 47 91 84 61 71 42 94 95 72  2  5 59 10 85 85 86 80 17 85 42 75 54  2 49  0 59 84 40 18 43 23 73 49 97 49 70 87 15 92 72 66 51 89 45 61 84 97 86 60 48 28 46 99 21 
91 67 20 86  7 13 87 29 80 32 77 27 63 26 35 43 31 26 89 87 35 41  4 42 17  2 53 50 63 86 57 76 40 92 18 78 84 80 42 76 49 57 60 71 88 73 38 86 55 13 62 79 63 90 82 16 97 86 84 85 18 70 12 88 39 93 44 51 84 64 59  0 64 17 92 61 87 42 89 89 87 10 44 52 28 84 82 78 73 70 69 28 23 27 44 50 11 71 38  0 
 2 57 19  2 15 67 30 46 52 71 90 70 27 86 76 76  6 72 27 86 47 32 37 47 15 87 38 98 15 12 81 22 26 17 21  0  9 98 14 88 16 38 36 75 24 46 28 97 67 11 22  9 47 82  4 94  1 78 72 92 41 54 59 27 70 67  2 28 35 15 84 64  0 78  2 23 84 91 12 90 60 46 80 40 91 47 74 85 54 92 29 73 90 16 67 23 92 47 70 28 
46 74 48 15 57 62 24 95 80 40 43 83 31 23 60 53 82 24 46 24 64 23 28 36 86 42 96 64 76 47 79 94 31 44 62 32  8 68 27 49 32 46 73 60 50 38 11 43  4 24 60 97 64  9 69 60 53 34 22 29  5 54  4 62 40 79 95 69 42  7 40 17 78  0 13 71 34 27 31 45 48 45 94 61 35 14 50 60 55  1 90 23 47 64 77 25 17 94 41  0 
73 97 25 73 22 80 38 23 21 46 33 25  3 60 12 23 39 39 74 47 90 85 99 50 30 68 36 56 11 64 58  8  8 65 64 83 91 87 28 16 34 26 81 15  2 16 67 62 76 63 40 47 67 74 24 58 30 34 18 57 80 84  2 80 74 23 93 97 57  8 18 92  2 13  0 39 18 89  3 13 74 99 79 12 38 23 17  0 69 71 49 66 28 72 18 55 32 59 52 13 
27 44 95 60 27 81 87 19 27 93 44 69 71 64 92 45 51 80 21 48 84  1 86  3 41 53 49  0 88 45 93 53 83 95 77  5 25 84 31 28 36 10  7 10 27 29  2 69 19 94  7 61 11 95 84 19  8 58 91 64 27 91 79 67 76 98 65 68  4 23 43 61 23 71 39  0 51 23 15 83 15 81 14 88 15 11 78 48  5 30 50 36 32 29 45 15 68 11 42 83 
85 32 48 40 13 80  3 22 74 39 19 39 37 51 81 96 12 98 44 79 58 25 10 85 78 82 10 81 40 56 78 91 86  3 31 44 47 54 70 93 19 98  1 77 16 66 90 85 50 59 76 26 73 32 24 44 53 25 25 99 39 36 74 58 62  9 73 13 67 94 23 87 84 34 18 51  0 53 39 31 38 88 28 18 72 56 45 47 88 18 71 17 88 90 67 64 97 69  7  8 
 2 39 60 52 19 61 48 43 72 59 79 75 62 24 46 89 66 76 31 50 93 95 90  9 79 62 18 25 51 12 81 98 86 74  7 20 92 94  5 49 23 98  2 73 28  3 91 57 81 47 60 93 34 86 43 27  0 60 52 59 71 90 21 44 82 94 10 46 80 35 73 42 91 27 89 23 53  0 80 59 22 16 23 45 50 21 16 80  8 58 91 31 25 36 20 13 97 59 20 19 
27 64 80 62 41 67 68 25 22 69 23 72 55 40 25 96 72 23  7 80 61 41 46 84 16 89 65 41 26 51 79 56  7 57 69 68 36 60 27 54 50 82 57 88 56 40 38 40 28 65 38 81 94 60 90 64 10 61 21  8 93 65 96 29  6 27 31 70 53 98 49 89 12 31  3 15 39 80  0 82 27 85 24 19 66  2 21 58 39 31 83 39 96  2 25 60 36 35 15 43 
42 13  8 93 52 17 98  1 34 58 92 84 33 44 35  9 86 26 66 89 86 23 26 83 67 58 36  8 45 42 29 58 77 65  7 13 13 82 66 51 12 49  4 69 62 30 19 10 77 44 29 35 99 33 87 54 46 51 13 51 37 18 75  5  3 41 12 27 98 80 97 89 90 45 13 83 31 59 82  0 46 92 89 96  0 26 13 20 84 28 79 67 65 60 74 50 33  3 99 86 
62 18 23 32 93 15 68 64 60 49 62 55 17  0 96 45 20 66 98 46 33 21 78 10 91 97 27  0 42 73 34  0 85 50 18 79 10  5 85 79 79 82 28  3 86 12 98 76 80 71 75  1 50 77 26 15 33 16 32 36 99 92 62 84 98 44 57 62  4 46 49 87 60 48 74 15 38 22 27 46  0  3 76 65 58 76 29 19 45 16 82 64 20 31 96 86 64 43 97 89 
14 51 87 83 58 73 92 93 16 48 31 16 23 73 50 81 13 40 50 96 54 19 34  2 59 94 18 63 53 97  7 20 62 72 36 25 42 40 62 79 97 67 88 61 18 45 40 97 29 20 90  8 46 60 95 33 17 12 82 47 36 77 61 31 44  8  1 18 70 60 70 10 46 45 99 81 88 16 85 92  3  0 17 66 72 28 20 97 90 13 82 16 20  2 59 75 36 51 25 92 
67 21 55 15 57 61 78 41 39 68 80 35 58 95  1 54 54 57 67 77 62 95  1 16 81 65 92 57 72  4  3 45 87 71 27 83 43 82 67 38 34 61  8 81 74  6 96 39 58 90 15 26  3  4 10 70 97 27 53 38 45  9 99 29 63 94 96 89 33 74 87 44 80 94 79 14 28 23 24 89 76 17  0 29 25 71 79 23 74 53 88 90 52 27 67 89 98 44  3  2 
57 76 52 90  0 77  6 66 56 67 56 68 94 19 94 47 95 97 78 92 23 63 92 19 10 89 28 98 15 97  5 64 72  5 50 85 18  6 77 63 16 57 61 20 24 90 14 87 17 92 41 96 25 73 32 94 40 94 59 31 83 70 28 87  1 68 57 53 19 90 15 52 40 61 12 88 18 45 19 96 65 66 29  0 47  0 57 24 71 76 88 57 81 49 54 28 11 58 75 71 
 9 97 51 88 72  2 32 30 63 82 46 45 73  7 85 10 36 46 24 43 66 34 13 71 64 88  7  5 44 72  0 76 95 27 60 20 73 25 22 66 55  0 92 47 69 70  7  9 20 25 64 59 55 75 33 67 99 55 25 33 26 68  2 39 19  7 14 72  2 51 92 28 91 35 38 15 72 50 66  0 58 72 25 47  0  2 92 87 13 62  2 75 38 97 81 64 76 15 32 24 
43 16 21 78 32 81 34 38 84 84 82 39 44 17  7 98 67 89 14 53 34 20 86 27 51 25 48 26 76 63 64 38 79 71 96 44 14 50 75 76 93 12 18 86 86 83 14 33 49 43 85 27 51  4 11 58 86 50 61  3 90  1  8 54 94  7 84 83 16 18 72 84 47 14 23 11 56 21  2 26 76 28 71  0  2  0 27 76 68 49 46 35 43 60 21 31 73 18 43 28 
20 47 84 91  6 21 31 33 46 32 83  9 21 74 72 43  3 97 88 91  6 15 41 93 35 15 86 82  9 84 86 26 22 77 15 57 32 62 73 17 85 79 61 82 71  4 45 98  5 78 48 45 59 59 66 45  9 74 38 93 74 70 79 91 49  8  8 30 64 52 66 82 74 50 17 78 45 16 21 13 29 20 79 57 92 27  0 76 68 91 51 61 42 36  4 85 76 54 37 22 
59 37 70  2 84 32 80  6  7 76 46 74 51 73 93  5 14 42 82 76 24  0 60 11 30 56 88 54 14 38 80 16 85 82  3 38 71 89 97  4 91  4 91 74 89 16 55 15 44 13 61 31 42 68 72 18 33 47 36 33 34 95 86 87 13 34 55 58 38 40 51 78 85 60  0 48 47 80 58 20 19 97 23 24 87 76 76  0 55 88  1 52 20 26 47 80 91 15  5 76 
23 84 35 81 75 31 17 23 65 95 69 22 32 63 48 67 52 58 40 75 19 22 48 26 44 27 93 11 11 38 13 34 12 10 84 71 44 93 43  9 45 53 90 16 91 65 63 74 45 80 22 85 97 62 54 32 11 38 54  8 12  1 25  2 64  0 86  4 68 80 89 73 54 55 69  5 88  8 39 84 45 90 74 71 13 68 68 55  0 42 35 55 93 51 52  4 81 63 35 72 
57 83 77 12  0 80 83 94  5 16 31 25 91 50 38 82 72 74  7 68 58 50 16 27 81 52 31 12 74 81 72  8 34 47 72 52 15 77 98 57 47 95 91  4 22 30 54 43 77 33  5 33 91  8 66 25 30 96 32 91 90 52 64 36 86 44  6 68 39 43 45 70 92  1 71 30 18 58 31 28 16 13 53 76 62 49 91 88 42  0 89 85 85 91 85  4 53 88 90 81 
 8 34 27 73 38 83 74 91 26 73 89 25 96 63 99 77 23 98 15 39 28 73 26 93 61  6  3 94 47 39 66  6 80 91 79 53 57 61 95 87 74 11 76 80 66 73 87 74 87 67 52 74 51 92 95  6 24 98 75 27  1 27 84 60 23 39 51 85  5 52 61 69 29 90 49 50 71 91 83 79 82 82 88 88  2 46 51  1 35 89  0 51 79 19 12 38 48 49 91 44 
62 87 69 92 33 10 94  0 17 28 33 34 41 69 32 65  1 31 34 74 47 34 82 76 27 18 30  0 92 52 31 22 21 55 81 26 67 74 99  0  7 42 74 62 64 43 84 80 23 65 18 85 56 86 14 37 56 12 21 49 40 85 11 82 53 91 42  8 39 57 84 28 73 23 66 36 17 31 39 67 64 16 90 57 75 35 61 52 55 85 51  0 83 55  1 12 55 13 14 28 
80 43 53 28 79 34 50 23  6 26 10 57 25 41 38 33 65 33 63 43  5 89  2 67 15  2 84 91 75 72 28 35 86 17 29 95 42 94 52 57 58 44 22  3 71 15 33 46 19 72 79 87 55 19 46 75 88 98 59 60 30 31 27 35 96 99 27 97 20 90 97 23 90 47 28 32 88 25 96 65 20 20 52 81 38 43 42 20 93 85 79 83  0  6 32 27 49 90 35 74 
33 34 21 22 65 40 64 93 97 37  8 75 80 26 79 79 69 94 66 83 63 52 49 81 86 90 79 47 78 20 82 22 65 94 37 66  5 32 68  5 84  1 12 24 74  0 47 12 43 48 41 37 37  5 84 64 57 84 17 12 56 52 87 21 27 15 88 19 22 35 86 27 16 64 72 29 90 36  2 60 31  2 27 49 97 60 36 26 51 91 19 55  6  0 39  2  2 97 24 81 
39  1 89 74 56 64 55 42 44 55 36 65 33 99 46 81 65 84 67 98 15 80 76 39  6 95 53 21 49 27 30 80 43 54 78 85 20 16 92 21 54 92 81 45 38 25 81 19 73 38 31 49 41 51 25 32 42 38 42  6  8  4 41 18 49 70 80 35 88  7 60 44 67 77 18 45 67 20 25 74 96 59 67 54 81 21  4 47 52 85 12  1 32 39  0  1 29  8 92 71 
60 83 62 89 37 86 56 64 77 35 88  4 55 32 27 44 90 48 74 82 84 33 80 52 61 91 12  2  1 54 11 20 81 53  9 18 60 85 49 54 28 12 41  7 53 75 15 65 19 52 11 73 23 16 99 87 15 20 17 56 45 87 31 58 76 31 33 10 19 33 48 50 23 25 55 15 64 13 60 50 86 75 89 28 64 31 85 80  4  4 38 12 27  2  1  0 18 14 97 81 
23 85  6 35 87 99 16 52 96 54 20 73 99 61 39  6 49 12 23 94 99 33 30 63 93 32 14 97  9 67 73 10 70 83 21  7 75 39 77 37 24 36 78  4 97 35 97 97 71 64 62 69 64 95 15 65  5 82 87 70 58 59 54 75 93 22 15 96 51 74 28 11 92 17 32 68 97 97 36 33 64 36 98 11 76 73 76 91 81 53 48 55 49  2 29 18  0 38 42  1 
43 25 90 47 26 24 56 27 75 55  2 22 16 40 11 91 16  0  8 25 20 93 16 70  1 68 89  6 70 54  8 40 65 30 39 12 57 92 78 70 40 34 32 86 38 35 38 22 67 82 60 70 52 96 29 61 56 99 87 94 78 75 57 25  1 83  5 32 72 91 46 71 47 94 59 11 69 59 35  3 43 51 44 58 15 18 54 15 63 88 49 13 90 97  8 14 38  0 25 77 
51 52 52 11 80 64 70  8  2 62 80 39 33 29 50 17  2 15 41 77 95 21 20 76 43 90 46 52 81 80  1 38 71 10 32 87 28 93 42 23 12 61 48 39 47 13 20  4 57  5  1 68 52 81 36 85 71 59 60 48 21  8 17 86 78 15 35 12 50 38 99 38 70 41 52 42  7 20 15 99 97 25  3 75 32 43 37  5 35 90 91 14 35 24 92 97 42 25  0 26 
12  2 14 79 31 11 34 54 38 77  6 28 28 91 52 20 69 61 20 91 77 18  8 41 97 24 71  6 30 23 18 98 70 26 52 94 73 44 89 32 56 93 12 80  1 76 50 10 86 64 54 19 75 65 54 54 57 90 51 64 25 23 19  1 21 96 27  7 84 70 21  0 28  0 13 83  8 19 43 86 89 92  2 71 24 28 22 76 72 81 44 28 74 81 71 81  1 77 26  0 

 0 86 15 92 59 68  2 19 70 45 60 56 53 51 28 88 28 99 56 69 84 46 38  9 74 99  4 32 42  3 33 21 25 54 19 23  4 45 44 80 15 50 20 12 83 89 90 31 34 56 89 32 26 30 12 24 53 44 62 94 19  3 68 99 48 62 48 37 82 81 83 51  9 43  0 70 18 87 26 61 38 42 56  7 48 50 74 61 13 62 13 39 21  8  8 66 87  6 83  0 
86  0 35 21 26 29 58 37 81 67 68 80 65 55  7 17 43 50 18 81  5 97 51 25 41 39 83 17 96 33 81 55 83 75 44 57 99 22 30 86 33 33  4  7 94 39 35 12 60 88 53 51 99  2 25 58 29 52  4 89 52 53 53 80 55  6  2  4 28 18 72 48 41 18  2 60 28 76 71 48  4 24 37 42 51 35  4 85 35 78 38 85 63 30 99  8 98 93 61 44 
15 35  0 27 26 30 67 24 25 64 12 41 83 88 21 96 68 71 12 84 67 90 34 67 33 63 59 35 21 59 15 25 27 41 38 31 19 95 94 52 76 80 83 58 30 17 46 53 64 62 80 71 23 16 48 15 58 51 25 18 24 96 56 71 84 60 73 89 15 86  7 26 42 66  2 28 63 98 47 92 30 66 91  3 64 96 46 88 36 41  4 30 34  0 32 42 27 88 67 45 
92 21 27  0 36 23 56 70 27 50 86 89 24 28 95 43 22 31 72 72 13 33 92 34 88 94 44 91 84  6 25 70 21 38 76 20 35 59 57 98 13 93 21 94 63 75 47 62 43 83 11  4 58 13 60 88 33 26 35 96 30 63 14 28 89 68  9 58 75 76 15 83 56 41 31 50 67 23 75 91  2 43 15 40  4 12 51 40 35 66 37 52 72 41 91 30 86 67 70  4 
59 26 26 36  0 35 42 26  5  8 39 19 71 50 37 83 10 30  9 50 54 97 27 26 66 47 11 43 27 20 22 53 34 36 19 90 53 76 60 10  0 54 97 58 20 11  2 28 55 59 84 89 88 74 82 61 10 84  5 32 43 52 15 20 79 51 63  0 34 55 50 71 21 21 78 40 68 61 72 15 82 30 38 35 28 14 66 80 80 20  4 72 92 94 53 43 51 20 17 36 
68 29 30 23 35  0 73 80 29 78 70 29 29  0 93 99  1 94 10 85 59 92 29 57 84 62 50 28 40  8 51 22 34 56 43 91 50 71 92 79 86 44 27 90 38 78 49 51 33 45 14 39 87  6 29 42 70 30  5 20 65 57 97 81 16 11  4 91  5 27 16 92 37 68 36 53 63 92 40  5 25 59 67 80 85 22 69 29 55 39 67 15 95 69  5 70 18 54 47 66 
 2 58 67 56 42 73  0 73 57 84 78 17 19 64 28 25 30 63 87 99  2 25 64 68 17 90 60 91 72 98 32 50 59 60 56 70  2 25 76 66 63 23 28 26 92 77 28 10 56 61 26 82 30 94  2  0 50 79 53 40 52 26 76 50 15  0 93 46 14  2 64 51 32 41 20  4 46 75 47 67 65 13 59 71 15 48 29  0 41 16 51 45 24 73 61 59 36 15 27 53 
19 37 24 70 26 80 73  0 95 51  1 71 68 14 11 90  5 81  1 42  6 96 29 58 60 91  5 18 30 76 81 97 57 14 75 67 62 72 90 25  8 51 70 73 22 76 13 41 96 72 42 72 39  6 86 62  0 84 81 92  3 36 11 29 55 45 19 76 34 36 78 67 18 95 17 80 71 15  3 47 57  4 23 38 72 58  4 54 37 81 39 82 59  2 16 12 96 90 10 26 
70 81 25 27  5 29 57 95  0 99  2 75 15 56 29 39 36 96 72 13 21 88 35 86 37 15 49 36 47 15 15 26 61 14 11 71 10 89 35 78 16 73 98 65 85 61 63 81 36 57  7 86 72 17 37 31 80 91 39  0 96 20  8 92 76 26 46 96 15 36 10 46 85 15 70 68 78 89 98 90  6 94 92 80 48 40 35 72 94 84 45 40 98 89 31 11  8 80  9 20 
45 67 64 50  8 78 84 51 99  0 92 27 49 91  4 86 26 73 55 90 68 29  0 46 59 57 11 55 30 71  8 71 72 86 12 43 60 66 98 66 82 65 63 21 94 33 90 90 10 11 61 19 92 39 34 17 80  9 91 43 96 92 55 80 85 62 45 53 35 36 24 66 45 82 43 36 97 47 17 46  6 91 72 36 60  2 24 36 62 79 54 19 41 91 22 30  1 24 67 25 
60 68 12 86 39 70 78  1  2 92  0 56 23 65 63 82 65 68 99 90 89 60 71 94 18 91 34 58 14 59 99 49 16 39 29 99 11 12 41 48 40 81 60  9  8 27 94 54 46 30 25 18  6 52  9 38 31 74 91  4 94 62 77 43 11 35 33 45 82 87 89 26 67 68 40 53 82 98 60 42 15 16 56 90  1 85  8 48 19 87 36 74 87  9  6 72 92 11  4  1 
56 80 41 89 19 29 17 71 75 27 56  0 45 36 38 64 16 95  4 81  8 21 89 52 83 51 75  4 22 10 97 28 50 35 68 88 29 96 70 72 26 83 16  0  2 99 36 36 75 57 31 57 22 93 30 87 99  2 30 50 92 38 85 47 95  6 77 56 94  4 34  4 41 31 40 63 32 15  2 96 46 69 96 80 42 92 11 77 46 96 91 36 14  1 27  1 84 51 77 50 
53 65 83 24 71 29 19 68 15 49 23 45  0 51 40  7 58 66 11 36 98  4 88 29 58 21 14 61 24 24 76 98 82 21  2 86 16 33 40 86 65 77 23 86 84 16 84 82 24 37 10 75 49 42 69 34 63 37 55  1 99 63 11 94 10 20 15 67 96 73  1 81  6 98 66 14 14 61 13 51 38 91 20 58 10 11 32 31  9 45 16 88 64 61 84  5  0 76 99 77 
51 55 88 28 50  0 64 14 56 91 65 36 51  0 18  4 37 40 67 55  8 27 95 90 37 40 68 85 35 39 77 10 17 90  7 32 21 86  1 59 99 14 92 33 87 39  9 26 50 78 94 15 86  5 51 40 19 66 60  8 17 65  1  3 56 57 48 88 13 66 35 17 43 67 20 73  9 32 78 73 76  3  2 22 39 70 73 95 60 59 36 28 11 60 89 87  2 45  0 23 
28  7 21 95 37 93 28 11 29  4 63 38 40 18  0 11 24 84 28  4 48 48 44 70 83 30 18 73  4 78 87 77 73  9 16 10  5 70  0  0 46 69 35 56 57 67  0 33 85 28 17 25 76 13 73 72 12  1 26  4 67 82  6 88 57  0 92  9 11 63 61 28 45 39 38 29 42 27 46 24 82 19 98 88 36 16 77  0 39 58 57 10 44  9 57 24 62 58 67 68 
88 17 96 43 83 99 25 90 39 86 82 64  7  4 11  0 36 42 50 69 33  2 90 80 78 25 82 51 43 53 82 76  6 73 77 30 79 68  9 97 53  7 63 10  2 86 39 87 19 41 83 77 87  2 58 51 54 11 77 62 22 28 42 93 86 32 12 19 31 51 58 78 79  6 85 20 18 48 52 77 10 16 20  3 94  2 92  5 23 95  7 46 18 64 85 39 62  6 54 64 
28 43 68 22 10  1 30  5 36 26 65 16 58 37 24 36  0  7 58 76 48 97 40 93 14 16 82 50 86 14 66 52 64 35 72 63 28 41 40  3  3 91 62 31 48 67 35 57 55 25 82  9 26 87 64 82 69 43 15 32 37 27 67 81 35 95 65 56 49 66 90 11 85 27 20 41 81 81 60 74 15 84 76 75 60 66 42 42  3 66 11  4 28 14 82 79 44 68 22 23 
99 50 71 31 30 94 63 81 96 73 68 95 66 40 84 42  7  0 24 55 54 43 69 27 29  2 30  3 78 89 60 87 63 95 57 79 47 39 63 51 42 11 95 28 86 66 50 24 24 65 53 95 58 61 39 94 62 67 33 47 77 75 53 41  3 42 31 58 20 78 30  4 77 31 16 98 12 27 53 46 43  0 62  0 39 40 88 36 40 50 50 70 71 90  7 52  8  6 54 35 
56 18 12 72  9 10 87  1 72 55 99  4 11 67 28 50 58 24  0 42 46  2 32 86 59 39 74  6 62 67 11 99 72 13 25 49 45 63  4 98 34 87 60 46 40 35 26 64 96 33 13 31 58  1 86 92 87 43 89 66 71 59  3 12 49 75 70  6 34 64 21 12 74 91 12 92 90 80 37 71 51 24 72 88 86 68 40 44 39 86 71 75 61 69 10 89 47 99 78 40 
69 81 84 72 50 85 99 42 13 90 90 81 36 55  4 69 76 55 42  0 29  3 42 55 38  4 93 39 83 23 86 66 37 98 97 51 87 90  6 54 10 36 76 58 51 37 62 23 44 58 14 22 81 48  3 53 96 22 39 26  0 28 77 63 50 13 15 18 61 61 50 96 94  3 96 48 10 50  1 18 43 60 76 30 48 46 94 18 67 59  6 19 94 83 23 11 62 86 22 51 
84  5 67 13 54 59  2  6 21 68 89  8 98  8 48 33 48 54 46 29  0 81 17 90 88 80 53 20 48 31 30 17 28 55 18 64 51  2 23  6 69 39 73 10 56 19 78 34 30 23 80 46 28 50 76  2 54 17 70 58 96 46 69 67 40 60 86 82 20 11 59 52 53 87 27 29 12 63 47 58 61 21 90 69 98 86 12 60  6  0 22 85 78 75 15 20 94 49 41 55 
46 97 90 33 97 92 25 96 88 29 60 21  4 27 48  2 97 43  2  3 81  0 61 79 33 21 74 26 24 22 83 35 80 93 53 30 86 31 49  3 15 20 87 65 54 12 79  1 46 10 41 56 74 39 27 52 29  7 94 37 80 95 94 15 97  0 23 41 12 99  6 75 77 89 81 71 13 41 29 36  1 98 40 81 99 68 89 57 37 94 54 94  7 27 71 40 67 28 66 63 
38 51 34 92 27 29 64 29 35  0 71 89 88 95 44 90 40 69 32 42 17 61  0 69 81 62 13 77 22 75 76 98 56 56 74 15 26 57 30 84 96 71 73 67 72 34 53 25 70 89 64 64 14  9 67 55 38 98 70 98  0 32 64 46 11 46 57 73 77 16 31 70 30 71 60 72 48 90 66 77 85 65 88 29 16 59 48  6 97 44 16 86 64 97 75 97 85 20 82 24 
 9 25 67 34 26 57 68 58 86 46 94 52 29 90 70 80 93 27 86 55 90 79 69  0 58 79 77 81 35 79 20 95 41 33 93 15 94 71  4 97 82 18 81 26 82 17 34 66 45 44 38 24 62 11 37 91 96  8 14 69 38 82 24 89 15 38 21 26 49 32 45 84 89 60 73 65 84 15 20 60 39 51 93  0 28 23 39 68 65 73 52 99 60 98 73  9 79 44 23 98 
74 41 33 88 66 84 17 60 37 59 18 83 58 37 83 78 14 29 59 38 88 33 81 58  0 85 75 60 57 54 25  5 52 86 48 81  6 83 86 33 51 34 29 38 88 74 11 89 52 12 31 48 56 80 33 38 55 93  4  4 40 96 60 14 84 54 82 28 21 14 10 74 70 76 96 96 76 68 53 94 12  2 84 86  6 63 77 39 22 43 67  4 45 18 94 39 69 26 90 18 
99 39 63 94 47 62 90 91 15 57 91 51 21 40 30 25 16  2 39  4 80 21 62 79 85  0 19 55 47 31 39 28 11 58 30 34 92 25 25 60 61 64 44  5 37 31  5 47 86 93 42 94 35 12 92 44  8 62 38 76 46 28 27 27 93 71 22 37 45 99 40 46  5 81 15 85 49 10 39 12 54 42 61 66 10 33 19 76 13 64  3 12 77 94 42 49 13  3 23 55 
 4 83 59 44 11 50 60  5 49 11 34 75 14 68 18 82 82 30 74 93 53 74 13 77 75 19  0 18 76 57 90 28 17 40 59 87 64 40 91 14 37 97 80 62 20  8 36 26  5  0 45 72 34 52 17 88  0 50 21 47 30 39 25 30 27 31 52 76 37 65 65 29  9 78 93 74 73 90 13 42 52 10  0 57 34 65 76 30  2 29 31  4 11 65 12 96 57 42 82 52 
32 17 35 91 43 28 91 18 36 55 58  4 61 85 73 51 50  3  6 39 20 26 77 81 60 55 18  0 18 81 60 93 83 81 60 87 20 72  7 97 61 67  9 32 94 51 34  3 44 20 24 72 60  3 55 45 18 54 69 55 16 43 64 75 17 81 89 65 16 30  0 16 17 79 92 72 47 80 20 69 44 94  2 23 33 93 59 91 25 22 51 72  9 60 86 67 13 57 80  0 
42 96 21 84 27 40 72 30 47 30 14 22 24 35  4 43 86 78 62 83 48 24 22 35 57 47 76 18  0  3 43 97 12 90 24 43 66 34 31 97 81 35 47 61 14 42 65 40 21 28 63 67  7 61  0 34 78 40 77  8 46 67 15 66 74 79 71  9 24 26 74 29 84 39 68 64 84  1 81 52  0 36  4 17 12 95 57 27 74 62  9 69 84 73 72 35 11 98 81 49 
 3 33 59  6 20  8 98 76 15 71 59 10 24 39 78 53 14 89 67 23 31 22 75 79 54 31 57 81  3  0 28 72  6 50 80 42 54 25 19 29 88 90 66  7 82 47 10 55  7 49  2 19 64 50 47 44 28 59 80 36 92 61 15 80  1 27 18  5 49 65 27 98 91 36 23 81 73 98  4 81 90  3 25 61 81 84 81 59 11 13 98 76 65 57 95 80 48 81 84 82 
33 81 15 25 22 51 32 81 15  8 99 97 76 77 87 82 66 60 11 86 30 83 76 20 25 39 90 60 43 28  0 45 67 54  2 44 37 52 53 13 20 32 59 97 69 76 32 48  0 37  6  9 55 52 77 65 35 46 99 77 51 70 84 71 90  7 27 24 90 37 42 29 40 52 88 42 53 53 47  3 70 78 59 96 35 13 27 43 57 16 16 17  5 51  8 50 74 45 97 95 
21 55 25 70 53 22 50 97 26 71 49 28 98 10 77 76 52 87 99 66 17 35 98 95  5 28 28 93 97 72 45  0 89 64 80 39 84 72 27 34 93 29 42 38 15 69  7 90 29 41 91 54 37 71 59 55  8 38 96 15 52 38 95 42 41 94 55 69 81 37 83 88 40 61 49 96 91 47 52 67 55 20  9 53 88 31 89 46 18 45 89 33 46  4 47  1 75 24  3 39 
25 83 27 21 34 34 59 57 61 72 16 50 82 17 73  6 64 63 72 37 28 80 56 41 52 11 17 83 12  6 67 89  0 24 83 63 12 39 19 14 28 90  1 39 84 63 76 46 58 24 74 28 42 57 92  6 17 38 38 54 41 75 57  3 28  2 49 47 91 89 68 54 46 19 99 85 41 27 32 36 67 12  2 62 74 28 75 59 93 34 56  5 68 68 16 20 74 40 53 59 
54 75 41 38 36 56 60 14 14 86 39 35 21 90  9 73 35 95 13 98 55 93 56 33 86 58 40 81 90 50 54 64 24  0 40 53 17 83 81 75  8 47 71 70 99 31  1 67 79 54 56 55 83 48 57 97 85 89 58 12 53 20 27 57  1 14 34 31  7  8 29 30  5 77 35 57 82 17 67 95 83 65 54  2 71 45 10 20  4 93 47  7  1 83 10 55 45 26 13 91 
19 44 38 76 19 43 56 75 11 12 29 68  2  7 16 77 72 57 25 97 18 53 74 93 48 30 59 60 24 80  2 80 83 40  0 69 65 61 68 86 42 49 58 92 54 80 60  4 72 58 61 50 68 11  2 83 69 50  2 10 90 56 20 56 88  3 83 96  1 23 63 31 55 69 12 43 35 76 89 54 96 68  1 97 23 76 68 11 85 15 82 30 12 30  5 88 29 56 87 18 
23 57 31 20 90 91 70 67 71 43 99 88 86 32 10 30 63 79 49 51 64 30 15 15 81 34 87 87 43 42 44 39 63 53 69  0  8 42 39 26 96 22 22 42 36 97 82  8 10 54 38 31 46 37 47  3  7 14 25 70 30 98 31 47 10  8  4 63 47 77 64  5 68 27 54 61 41  1 31 46 51 42 41 25 26 30 73 80 56 31  7 80 86 53 93 93 72 11 27 81 
 4 99 19 35 53 50  2 62 10 60 11 29 16 21  5 79 28 47 45 87 51 86 26 94  6 92 64 20 66 54 37 84 12 17 65  8  0 39 38 16 66 68 55 33 92 88 27 68  4 19  2 42 37 54 44 50 99 67 46 41 72 38 82 17 22 56 74 10 87 15 49 19 84 56 68 59 70 15  9 89  0 97 78 48  6 64 72 38 46 54 78 12 36 70 65 52 40  5 60 64 
45 22 95 59 76 71 25 72 89 66 12 96 33 86 70 68 41 39 63 90  2 31 57 71 83 25 40 72 34 25 52 72 39 83 61 42 39  0 94 69  0 55 90 43 58 96 96 35 40 18 48 77 59 61 61 92 79 16 47 71 87 74 88 45 36 75 49 58 59 51 49 40 98 88 43 63 57 82 34 39 88 76 45 62 86 53 26 84 44 83 83 49 97  6 48 92  6 26 48 33 
44 30 94 57 60 92 76 90 35 98 41 70 40  1  0  9 40 63  4  6 23 49 30  4 86 25 91  7 31 19 53 27 19 81 68 39 38 94  0  9 87 66 71 50 23  1 58 55  2 99 66 68 87 74 92 21 18 65 47 89 97 29 83 58 64 10 23 75 10 15  7 23 45  4 38 87 91  3 97 18 67 94 50 78 49 29  7  0 71  4 55 51 13 14  7 89 55 62 22 86 
80 86 52 98 10 79 66 25 78 66 48 72 86 59  0 97  3 51 98 54  6  3 84 97 33 60 14 97 97 29 13 34 14 75 86 26 16 69  9  0 32 36  3 85 21 69 54 51 85  6 42  8 42 42 68 91  7  6 77 89 21 28 70 53 77 78 39 58 60 88 22 59 81 65 10 24 48 36 43 85 76 73 48 39 38 27  8 27 39 31  8 78 67  6 98 62 71 79 86 38 
15 33 76 13  0 86 63  8 16 82 40 26 65 99 46 53  3 42 34 10 69 15 96 82 51 61 37 61 81 88 20 93 28  8 42 96 66  0 87 32  0 60 20 20 69 16  7 10 46 18 42 98 75 26 21 95 56 41 18  4 60 31 91  7 55 14 93 65 44 56 15 31 27 43 36 33 75 12 44  9 76 25 55 52  6 53 33 60 88 61 93 18 59 95 69 45 69 90 14  8 
50 33 80 93 54 44 23 51 73 65 81 83 77 14 69  7 91 11 87 36 39 20 71 18 34 64 97 67 35 90 32 29 90 47 49 22 68 55 66 36 60  0 42 40 60 82 27 91  4  5 59 87 10 39 71 39 12 25 98 53 76 35 32 33 47 53 25 29 87 82 17  2  6 80 23 37 29 41 68  0 58 67 78 45 14 93 23 31 38 30 29 38 42 64  7 40 38 29 59 28 
20  4 83 21 97 27 28 70 98 63 60 16 23 92 35 63 62 95 60 76 73 87 73 81 29 44 80  9 47 66 59 42  1 71 58 22 55 90 71  3 20 42  0 47  2 82  1 35 37  1 61  7 86 64 87 23 74 88 37 47 10 79 66  8 58 80 13 93 49 94 93 59 88 11 34 10 79 75 23 57 34 30 70 55  5 90 14 10 64 59  5 42 35  0 65 66 86 40 14 51 
12  7 58 94 58 90 26 73 65 21  9  0 86 33 56 10 31 28 46 58 10 65 67 26 38  5 62 32 61  7 97 38 39 70 92 42 33 43 50 85 20 40 47  0 47  2 67 48 33 11 96 69 97 25 80 57 76 31 16 52 24 77  4 17 72 54 64 37 18 65 47 75  3 50 93 96 93  5 36 49 22 41 80 77 89 47 70 57 54 17 75 67 98 91 30 95 87  2 29 42 
83 94 30 63 20 38 92 22 85 94  8  2 84 87 57  2 48 86 40 51 56 54 72 82 88 37 20 94 14 82 69 15 84 99 54 36 92 58 23 21 69 60  2 47  0 23 60 81 48 28  6  3 17  2 86 26 19 51 49 23 29 90 63 92 37 78 56 99 88  9  5 57 87 59 79  7 85 37 91 64 28 10 37 17 72  1 66 12 54 38 71 14 76 96 73 13 71 41 71 55 
89 39 17 75 11 78 77 76 61 33 27 99 16 39 67 86 67 66 35 37 19 12 34 17 74 31  8 51 42 47 76 69 63 31 80 97 88 96  1 69 16 82 82  2 23  0 35  0 69 86 56 71 28  4 13 65 46 69 21 72 75 47 54 28 68 38 52 24 12 62 55 45 57 29 60 72 94  9 36 91 21 25 29 82 21 50  9 69  4 46 33 95  0  8 20 64 22 98 48 19 
90 35 46 47  2 49 28 13 63 90 94 36 84  9  0 39 35 50 26 62 78 79 53 34 11  5 36 34 65 10 32  7 76  1 60 82 27 96 58 54  7 27  1 67 60 35  0 51 71 55 35 88 17 80 36 50 39 13  5 92 83 32 81 75 61 45 17 18 99 51 64  1 69 33 77 34 57 54 96 41 13 17  3 55 46 21 30 85  0 91 31 66 51 74 57 47 97 75 51 27 
31 12 53 62 28 51 10 41 81 90 54 36 82 26 33 87 57 24 64 23 34  1 25 66 89 47 26  3 40 55 48 90 46 67  4  8 68 35 55 51 10 91 35 48 81  0 51  0  8 83 54 86 58 46  9 90 12 91 66 62 20 10 51 72  9 44 80  9 69  1 32 31 54 94 28 37 76 77 98 49 35  3 35 38 54 45 67 93 75 40 19 57 19 65 76 97 67 56 92 21 
34 60 64 43 55 33 56 96 36 10 46 75 24 50 85 19 55 24 96 44 30 46 70 45 52 86  5 44 21  7  0 29 58 79 72 10  4 40  2 85 46  4 37 33 48 69 71  8  0 89 44 76 66 60 74 22 28 16 51 54  9 51  2 57 57 73 50 25 51 68 56 30 67 39 27 64 89 83 97 75 78 69 62 92 89 56 28 50 84 90 18 36 15 59 74 71 32 52 14 36 
56 88 62 83 59 45 61 72 57 11 30 57 37 78 28 41 25 65 33 58 23 10 89 44 12 93  0 20 28 49 37 41 24 54 58 54 19 18 99  6 18  5  1 11 28 86 55 83 89  0  2 27 59  0 59 58 65 86 75 19 88 93  2 45 19 28 86 23 69 46 78 73 88 18 40 48 33 40 50 37 98 66 85 19 32 45 72 99 29 50 67  4  1 32  3 28 44 59 89 38 
89 53 80 11 84 14 26 42  7 61 25 31 10 94 17 83 82 53 13 14 80 41 64 38 31 42 45 24 63  2  6 91 74 56 61 38  2 48 66 42 42 59 61 96  6 56 35 54 44  2  0 22  9 42 27 90 30 95 26 69 80 36 87 53 66 37 68 41 97 36 45 91 11 56 98 52  3 67 33 10 50 97 25 77 97 87 87  3 51 37 72 43 67 67 23 71 24 46 92 10 
32 51 71  4 89 39 82 72 86 19 18 57 75 15 25 77  9 95 31 22 46 56 64 24 48 94 72 72 67 19  9 54 28 55 50 31 42 77 68  8 98 87  7 69  3 71 88 86 76 27 22  0 35 88 60 95 72 85 30 84 38  9 65 41 78 91  3 51 77 29 45 98 83 68 31 32 23 52 26 42 37 32 59 59 37 51 81 32 66 72  9 85 22 98  3 71 89 70 81 79 
26 99 23 58 88 87 30 39 72 92  6 22 49 86 76 87 26 58 58 81 28 74 14 62 56 35 34 60  7 64 55 37 42 83 68 46 37 59 87 42 75 10 86 97 17 28 17 58 66 59  9 35  0 19 84 68 61 73 25 49 32 89 11 58 41 49 71 96 79  3 65 59  7 65 34 45 32 40 93 69  6  1 60  2 84 30 59 20 30 10 88 11 33 70 17 10  8 14 14 16 
30  2 16 13 74  6 94  6 17 39 52 93 42  5 13  2 87 61  1 48 50 39  9 11 80 12 52  3 61 50 52 71 57 48 11 37 54 61 74 42 26 39 64 25  2  4 80 46 60  0 42 88 19  0 35 97 18 79 88  1 76 49 68 85 25  0 78 91  0 86 27  5 13 43 95 94 43 91 21 17 87 60 22 55 29 79 84 91 93 41 98  7  8 57 33 24 42 30 47 16 
12 25 48 60 82 29  2 86 37 34  9 30 69 51 73 58 64 39 86  3 76 27 67 37 33 92 17 55  0 47 77 59 92 57  2 47 44 61 92 68 21 71 87 80 86 13 36  9 74 59 27 60 84 35  0 75 83 77 43 47 51 91 17 24 69 32 78 94 49 15 89 66 22 58 42 75 25 36 66 84 57 40 42 36 93 32 76 72 71 17 79 86 76 10 73 70 84 66  5 97 
24 58 15 88 61 42  0 62 31 17 38 87 34 40 72 51 82 94 92 53  2 52 55 91 38 44 88 45 34 44 65 55  6 97 83  3 50 92 21 91 95 39 23 57 26 65 50 90 22 58 90 95 68 97 75  0 56 96 76 83 71 95 89 92 57 23 55 78 73 99 89 84 20  1 59 20 43 67 93 51  5 44 96 49 40  4 51 16 99 65 69 22  4 68 79 80 92 69  0 10 
53 29 58 33 10 70 50  0 80 80 31 99 63 19 12 54 69 62 87 96 54 29 38 96 55  8  0 18 78 28 35  8 17 85 69  7 99 79 18  7 56 12 74 76 19 46 39 12 28 65 30 72 61 18 83 56  0 57 86 12 70 38 92 72 25 29 79 97 18 65 17 73 84 59 84 29 94 25 98  4 98  0 83  4 20 70 24 74 37 72 18 79 72 17 76 51  1 95 46 99 
44 52 51 26 84 30 79 84 91  9 74  2 37 66  1 11 43 67 43 22 17  7 98  8 93 62 50 54 40 59 46 38 38 89 50 14 67 16 65  6 41 25 88 31 51 69 13 91 16 86 95 85 73 79 77 96 57  0  1  7 57 97 29 72  7 97 68 53 27 46 86 10 37 27 12 68  6 54 20 50 14  5  5  2 92  4 71 76  2 73 52 30 10 69 23  9 83 40 19 69 
62  4 25 35  5  5 53 81 39 91 91 30 55 60 26 77 15 33 89 39 70 94 70 14  4 38 21 69 77 80 99 96 38 58  2 25 46 47 47 77 18 98 37 16 49 21  5 66 51 75 26 30 25 88 43 76 86  1  0 96 91 13 70 38 69 16 99 53 20 94 28  9 53 46 49 20 54 34  1 73 19 25  8 14  2 36 56 22  6  0 30 74 54  8 83 80 86 37 50 70 
94 89 18 96 32 20 40 92  0 43  4 50  1  8  4 62 32 47 66 26 58 37 98 69  4 76 47 55  8 36 77 15 54 12 10 70 41 71 89 89  4 53 47 52 23 72 92 62 54 19 69 84 49  1 47 83 12  7 96  0 41 16 91  6 69 20 82 96 96 81 30 73 96 24 72 18 41 80 29 75 19  0 28 36 47 99 61 26 45  6 42 37 31 43 32 23 36 77 60 52 
19 52 24 30 43 65 52  3 96 96 94 92 99 17 67 22 37 77 71  0 96 80  0 38 40 46 30 16 46 92 51 52 41 53 90 30 72 87 97 21 60 76 10 24 29 75 83 20  9 88 80 38 32 76 51 71 70 57 91 41  0 65 57 91  4 36 19 89 65 45 64 11 38 19 73 45 65 15 48 34 49 44 96 21  3 86 49  1 73 73  1 93 76 13 31 83 57 29 14 92 
 3 53 96 63 52 57 26 36 20 92 62 38 63 65 82 28 27 75 59 28 46 95 32 82 96 28 39 43 67 61 70 38 75 20 56 98 38 74 29 28 31 35 79 77 90 47 32 10 51 93 36  9 89 49 91 95 38 97 13 16 65  0 37 50 90 83 91 33 39 53 85 57 21 68  0 29 30 14 31 56 49 76 94 97 33 56 72 42 75 96 40 24 63 56 42 61 55 69 42 28 
68 53 56 14 15 97 76 11  8 55 77 85 11  1  6 42 67 53  3 77 69 94 64 24 60 27 25 64 15 15 84 95 57 27 20 31 82 88 83 70 91 32 66  4 63 54 81 51  2  2 87 65 11 68 17 89 92 29 70 91 57 37  0  9 51 95 94 18  6 95 77  8 51 49 46 12 21 99 57 28 20 74 48 57 30 86 21 63 28 96 53 65 29 16 23 53  8 97 12 33 
99 80 71 28 20 81 50 29 92 80 43 47 94  3 88 93 81 41 12 63 67 15 46 89 14 27 30 75 66 80 71 42  3 57 56 47 17 45 58 53  7 33  8 17 92 28 75 72 57 45 53 41 58 85 24 92 72 72 38  6 91 50  9  0  7 32  7 77  8 89 64 68 27 60 31 50 24 54 77  4 94 90 57 97 74  9 36 82 70 94 72 86 98 30 14 50 77 24 74  6 
48 55 84 89 79 16 15 55 76 85 11 95 10 56 57 86 35  3 49 50 40 97 11 15 84 93 27 17 74  1 90 41 28  1 88 10 22 36 64 77 55 47 58 72 37 68 61  9 57 19 66 78 41 25 69 57 25  7 69 69  4 90 51  7  0 37 89 86 89 68 30  1 38 86 95 61 69 91 46  2 55  3 71 80 17 97 21  0 82 69 79 99  7 21 57 10 39  7 91 17 
62  6 60 68 51 11  0 45 26 62 35  6 20 57  0 32 95 42 75 13 60  0 46 38 54 71 31 81 79 27  7 94  2 14  3  8 56 75 10 78 14 53 80 54 78 38 45 44 73 28 37 91 49  0 32 23 29 97 16 20 36 83 95 32 37  0 30 16 14 58  9 53 93  1 66 83 38 42 44 85 25 86 78 94 35 79 97 74 86 44 76 71 75 20 32 87 55 62 79 28 
48  2 73  9 63  4 93 19 46 45 33 77 15 48 92 12 65 31 70 15 86 23 57 21 82 22 52 89 71 18 27 55 49 34 83  4 74 49 23 39 93 25 13 64 56 52 17 80 50 86 68  3 71 78 78 55 79 68 99 82 19 91 94  7 89 30  0 92 97 10 37 24 28 76 22 59 35 40 60 76 45 69 73 64 66 86  5 17 37 29 65 28 87 52 19 56 91  6 36 68 
37  4 89 58  0 91 46 76 96 53 45 56 67 88  9 19 56 58  6 18 82 41 73 26 28 37 76 65  9  5 24 69 47 31 96 63 10 58 75 58 65 29 93 37 99 24 18  9 25 23 41 51 96 91 94 78 97 53 53 96 89 33 18 77 86 16 92  0 74 59 22 59 49 11 60 76 98 44 25 11  7 99 52 35 22 87 68 49 35 49 54 98 82 78 73  8 80  9 39 54 
82 28 15 75 34  5 14 34 15 35 82 94 96 13 11 31 49 20 34 61 20 12 77 49 21 45 37 16 24 49 90 81 91  7  1 47 87 59 10 60 44 87 49 18 88 12 99 69 51 69 97 77 79  0 49 73 18 27 20 96 65 39  6  8 89 14 97 74  0 67  1 93 10 30 24 15 45 85 30 13 92 78 93 26 99 39 89 27 66 28 30 46 68 24 87 26 92 80 94 72 
81 18 86 76 55 27  2 36 36 36 87  4 73 66 63 51 66 78 64 61 11 99 16 32 14 99 65 30 26 65 37 37 89  8 23 77 15 51 15 88 56 82 94 65  9 62 51  1 68 46 36 29  3 86 15 99 65 46 94 81 45 53 95 89 68 58 10 59 67  0 26 18 92 63 81 40 43 75 44 85 30 65 96 51 88 28 31 62 22  5  0 54 67 58 65 70 19  1 38 90 
83 72  7 15 50 16 64 78 10 24 89 34  1 35 61 58 90 30 21 50 59  6 31 45 10 40 65  0 74 27 42 83 68 29 63 64 49 49  7 22 15 17 93 47  5 55 64 32 56 78 45 45 65 27 89 89 17 86 28 30 64 85 77 64 30  9 37 22  1 26  0 32  9 67 66 42 90 14 14 86 62 45 97 36 71 76 97 59 65 68 59 94 18 99 91 72 39 52 23 76 
51 48 26 83 71 92 51 67 46 66 26  4 81 17 28 78 11  4 12 96 52 75 70 84 74 46 29 16 29 98 29 88 54 30 31  5 19 40 23 59 31  2 59 75 57 45  1 31 30 73 91 98 59  5 66 84 73 10  9 73 11 57  8 68  1 53 24 59 93 18 32  0 85 94 49  3 28 73 11 95 34 88 37  7 91 58 27 84  1 28 38 92 85 43 54 16 34 54 22 78 
 9 41 42 56 21 37 32 18 85 45 67 41  6 43 45 79 85 77 74 94 53 77 30 89 70  5  9 17 84 91 40 40 46  5 55 68 84 98 45 81 27  6 88  3 87 57 69 54 67 88 11 83  7 13 22 20 84 37 53 96 38 21 51 27 38 93 28 49 10 92  9 85  0 51 26 19 64 55 50 40  3 22 71 46 35 34  9 78 63 18 67 40 74 11 34 23 45 22 50 91 
43 18 66 41 21 68 41 95 15 82 68 31 98 67 39  6 27 31 91  3 87 89 71 60 76 81 78 79 39 36 52 61 19 77 69 27 56 88  4 65 43 80 11 50 59 29 33 94 39 18 56 68 65 43 58  1 59 27 46 24 19 68 49 60 86  1 76 11 30 63 67 94 51  0 72 66  9 43 85 56 44 80 34 52 68 60 64 22  8 24 56 47 49 86 61 92 80 34 82 79 
 0  2  2 31 78 36 20 17 70 43 40 40 66 20 38 85 20 16 12 96 27 81 60 73 96 15 93 92 68 23 88 49 99 35 12 54 68 43 38 10 36 23 34 93 79 60 77 28 27 40 98 31 34 95 42 59 84 12 49 72 73  0 46 31 95 66 22 60 24 81 66 49 26 72  0 87 85 38 39 97 37 92 32 44 68 70 96 45 63 92 18 24 60 77 35 81 40 88 41 64 
70 60 28 50 40 53  4 80 68 36 53 63 14 73 29 20 41 98 92 48 29 71 72 65 96 85 74 72 64 81 42 96 85 57 43 61 59 63 87 24 33 37 10 96  7 72 34 37 64 48 52 32 45 94 75 20 29 68 20 18 45 29 12 50 61 83 59 76 15 40 42  3 19 66 87  0 57 60 96  2 73 87 77 96 64 65 92 86 81 61 50  6 10 28 26  0 90 38 26 91 
18 28 63 67 68 63 46 71 78 97 82 32 14  9 42 18 81 12 90 10 12 13 48 84 76 49 73 47 84 73 53 91 41 82 35 41 70 57 91 48 75 29 79 93 85 94 57 76 89 33  3 23 32 43 25 43 94  6 54 41 65 30 21 24 69 38 35 98 45 43 90 28 64  9 85 57  0 65 32  2  7 10 23 10 36 64  0 95 59 83 77 21 15 33 49 55 27 38 51 58 
87 76 98 23 61 92 75 15 89 47 98 15 61 32 27 48 81 27 80 50 63 41 90 15 68 10 90 80  1 98 53 47 27 17 76  1 15 82  3 36 12 41 75  5 37  9 54 77 83 40 67 52 40 91 36 67 25 54 34 80 15 14 99 54 91 42 40 44 85 75 14 73 55 43 38 60 65  0 36 58 52 49 80 46 26 16 25 85 14 34 55 80 15 77  8 47  4 26 25 28 
26 71 47 75 72 40 47  3 98 17 60  2 13 78 46 52 60 53 37  1 47 29 66 20 53 39 13 20 81  4 47 52 32 67 89 31  9 34 97 43 44 68 23 36 91 36 96 98 97 50 33 26 93 21 66 93 98 20  1 29 48 31 57 77 46 44 60 25 30 44 14 11 50 85 39 96 32 36  0 16 59 47  4 33 41 27  7 67 63 94  3 65 60 57 39 23 72 84  6 20 
61 48 92 91 15  5 67 47 90 46 42 96 51 73 24 77 74 46 71 18 58 36 77 60 94 12 42 69 52 81  3 67 36 95 54 46 89 39 18 85  9  0 57 49 64 91 41 49 75 37 10 42 69 17 84 51  4 50 73 75 34 56 28  4  2 85 76 11 13 85 86 95 40 56 97  2  2 58 16  0 26 81 87 20 37 96 22 23  3 17  6 92 92 81 74 36 29 37 94 64 
38  4 30  2 82 25 65 57  6  6 15 46 38 76 82 10 15 43 51 43 61  1 85 39 12 54 52 44  0 90 70 55 67 83 96 51  0 88 67 76 76 58 34 22 28 21 13 35 78 98 50 37  6 87 57  5 98 14 19 19 49 49 20 94 55 25 45  7 92 30 62 34  3 44 37 73  7 52 59 26  0 52 84 64  7 85 74  6 36 72 70 10 65 75 96 33  7 86 67 82 
42 24 66 43 30 59 13  4 94 91 16 69 91  3 19 16 84  0 24 60 21 98 65 51  2 42 10 94 36  3 78 20 12 65 68 42 97 76 94 73 25 67 30 41 10 25 17  3 69 66 97 32  1 60 40 44  0  5 25  0 44 76 74 90  3 86 69 99 78 65 45 88 22 80 92 87 10 49 47 81 52  0 24 22 25 12 37 75 83 74 33  6 47 71 28 19 79 48 84 16 
56 37 91 15 38 67 59 23 92 72 56 96 20  2 98 20 76 62 72 76 90 40 88 93 84 61  0  2  4 25 59  9  2 54  1 41 78 45 50 48 55 78 70 80 37 29  3 35 62 85 25 59 60 22 42 96 83  5  8 28 96 94 48 57 71 78 73 52 93 96 97 37 71 34 32 77 23 80  4 87 84 24  0 19 44 11  2  8 46 34 20 76 17 21 94 85 32 35 38  0 
 7 42  3 40 35 80 71 38 80 36 90 80 58 22 88  3 75  0 88 30 69 81 29  0 86 66 57 23 17 61 96 53 62  2 97 25 48 62 78 39 52 45 55 77 17 82 55 38 92 19 77 59  2 55 36 49  4  2 14 36 21 97 57 97 80 94 64 35 26 51 36  7 46 52 44 96 10 46 33 20 64 22 19  0 28 40 96 13 94 92 93 29 24 50 56  8  2 17 53 38 
48 51 64  4 28 85 15 72 48 60  1 42 10 39 36 94 60 39 86 48 98 99 16 28  6 10 34 33 12 81 35 88 74 71 23 26  6 86 49 38  6 14  5 89 72 21 46 54 89 32 97 37 84 29 93 40 20 92  2 47  3 33 30 74 17 35 66 22 99 88 71 91 35 68 68 64 36 26 41 37  7 25 44 28  0 70 62 65 51 71 92 66 24 85 61 13 37 49 14 93 
50 35 96 12 14 22 48 58 40  2 85 92 11 70 16  2 66 40 68 46 86 68 59 23 63 33 65 93 95 84 13 31 28 45 76 30 64 53 29 27 53 93 90 47  1 50 21 45 56 45 87 51 30 79 32  4 70  4 36 99 86 56 86  9 97 79 86 87 39 28 76 58 34 60 70 65 64 16 27 96 85 12 11 40 70  0 58 38 54 60 63 59 35 83 93 64  5 61 83 98 
74  4 46 51 66 69 29  4 35 24  8 11 32 73 77 92 42 88 40 94 12 89 48 39 77 19 76 59 57 81 27 89 75 10 68 73 72 26  7  8 33 23 14 70 66  9 30 67 28 72 87 81 59 84 76 51 24 71 56 61 49 72 21 36 21 97  5 68 89 31 97 27  9 64 96 92  0 25  7 22 74 37  2 96 62 58  0  6 93 72 67 15 19 87 18 81 36 41 33 29 
61 85 88 40 80 29  0 54 72 36 48 77 31 95  0  5 42 36 44 18 60 57  6 68 39 76 30 91 27 59 43 46 59 20 11 80 38 84  0 27 60 31 10 57 12 69 85 93 50 99  3 32 20 91 72 16 74 76 22 26  1 42 63 82  0 74 17 49 27 62 59 84 78 22 45 86 95 85 67 23  6 75  8 13 65 38  6  0 23 83 32 86 84  5 23 60 21 53  7 50 
13 35 36 35 80 55 41 37 94 62 19 46  9 60 39 23  3 40 39 67  6 37 97 65 22 13  2 25 74 11 57 18 93  4 85 56 46 44 71 39 88 38 64 54 54  4  0 75 84 29 51 66 30 93 71 99 37  2  6 45 73 75 28 70 82 86 37 35 66 22 65  1 63  8 63 81 59 14 63  3 36 83 46 94 51 54 93 23  0 89 44 27 19 90 77  5  8 61 98 28 
62 78 41 66 20 39 16 81 84 79 87 96 45 59 58 95 66 50 86 59  0 94 44 73 43 64 29 22 62 13 16 45 34 93 15 31 54 83  4 31 61 30 59 17 38 46 91 40 90 50 37 72 10 41 17 65 72 73  0  6 73 96 96 94 69 44 29 49 28  5 68 28 18 24 92 61 83 34 94 17 72 74 34 92 71 60 72 83 89  0 36 73 73 75 22 11 13 23 88 37 
13 38  4 37  4 67 51 39 45 54 36 91 16 36 57  7 11 50 71  6 22 54 16 52 67  3 31 51  9 98 16 89 56 47 82  7 78 83 55  8 93 29  5 75 71 33 31 19 18 67 72  9 88 98 79 69 18 52 30 42  1 40 53 72 79 76 65 54 30  0 59 38 67 56 18 50 77 55  3  6 70 33 20 93 92 63 67 32 44 36  0 22 18 20 30 20 21 51 32 64 
39 85 30 52 72 15 45 82 40 19 74 36 88 28 10 46  4 70 75 19 85 94 86 99  4 12  4 72 69 76 17 33  5  7 30 80 12 49 51 78 18 38 42 67 14 95 66 57 36  4 43 85 11  7 86 22 79 30 74 37 93 24 65 86 99 71 28 98 46 54 94 92 40 47 24  6 21 80 65 92 10  6 76 29 66 59 15 86 27 73 22  0 67  9 79 55 46 18 99 53 
21 63 34 72 92 95 24 59 98 41 87 14 64 11 44 18 28 71 61 94 78  7 64 60 45 77 11  9 84 65  5 46 68  1 12 86 36 97 13 67 59 42 35 98 76  0 51 19 15  1 67 22 33  8 76  4 72 10 54 31 76 63 29 98  7 75 87 82 68 67 18 85 74 49 60 10 15 15 60 92 65 47 17 24 24 35 19 84 19 73 18 67  0 92 21 77  5 72 86 99 
 8 30  0 41 94 69 73  2 89 91  9  1 61 60  9 64 14 90 69 83 75 27 97 98 18 94 65 60 73 57 51  4 68 83 30 53 70  6 14  6 95 64  0 91 96  8 74 65 59 32 67 98 70 57 10 68 17 69  8 43 13 56 16 30 21 20 52 78 24 58 99 43 11 86 77 28 33 77 57 81 75 71 21 50 85 83 87  5 90 75 20  9 92  0 57 87 37 77  3 17 
 8 99 32 91 53  5 61 16 31 22  6 27 84 89 57 85 82  7 10 23 15 71 75 73 94 42 12 86 72 95  8 47 16 10  5 93 65 48  7 98 69  7 65 30 73 20 57 76 74  3 23  3 17 33 73 79 76 23 83 32 31 42 23 14 57 32 19 73 87 65 91 54 34 61 35 26 49  8 39 74 96 28 94 56 61 93 18 23 77 22 30 79 21 57  0 52 35  0 75 67 
66  8 42 30 43 70 59 12 11 30 72  1  5 87 24 39 79 52 89 11 20 40 97  9 39 49 96 67 35 80 50  1 20 55 88 93 52 92 89 62 45 40 66 95 13 64 47 97 71 28 71 71 10 24 70 80 51  9 80 23 83 61 53 50 10 87 56  8 26 70 72 16 23 92 81  0 55 47 23 36 33 19 85  8 13 64 81 60  5 11 20 55 77 87 52  0 93 51 41 60 
87 98 27 86 51 18 36 96  8  1 92 84  0  2 62 62 44  8 47 62 94 67 85 79 69 13 57 13 11 48 74 75 74 45 29 72 40  6 55 71 69 38 86 87 71 22 97 67 32 44 24 89  8 42 84 92  1 83 86 36 57 55  8 77 39 55 91 80 92 19 39 34 45 80 40 90 27  4 72 29  7 79 32  2 37  5 36 21  8 13 21 46  5 37 35 93  0 17 74 74 
 6 93 88 67 20 54 15 90 80 24 11 51 76 45 58  6 68  6 99 86 49 28 20 44 26  3 42 57 98 81 45 24 40 26 56 11  5 26 62 79 90 29 40  2 41 98 75 56 52 59 46 70 14 30 66 69 95 40 37 77 29 69 97 24  7 62  6  9 80  1 52 54 22 34 88 38 38 26 84 37 86 48 35 17 49 61 41 53 61 23 51 18 72 77  0 51 17  0 97 56 
83 61 67 70 17 47 27 10  9 67  4 77 99  0 67 54 22 54 78 22 41 66 82 23 90 23 82 80 81 84 97  3 53 13 87 27 60 48 22 86 14 59 14 29 71 48 51 92 14 89 92 81 14 47  5  0 46 19 50 60 14 42 12 74 91 79 36 39 94 38 23 22 50 82 41 26 51 25  6 94 67 84 38 53 14 83 33  7 98 88 32 99 86  3 75 41 74 97  0  0 
 0 44 45  4 36 66 53 26 20 25  1 50 77 23 68 64 23 35 40 51 55 63 24 98 18 55 52  0 49 82 95 39 59 91 18 81 64 33 86 38  8 28 51 42 55 19 27 21 36 38 10 79 16 16 97 10 99 69 70 52 92 28 33  6 17 28 68 54 72 90 76 78 91 79 64 91 58 28 20 64 82 16  0 38 93 98 29 50 28 37 64 53 99 17 67 60 74 56  0  0 
